ari: 0.2466259836535243
balanced_accuracy: 0.16305080176322037
batch_asw: -0.08229207247495651
f1_weighted: 0.2138928784935007
graph_connectivity: 0.9130384852311147
nmi: 0.42827541229158755
silhouette_score: 0.134857639670372
